start=1773.280000
osd-level=3
pause=yes
volume=130.000000
